Original Dataset:
 [[2000    4    5   50]
 [3000    5    2   80]
 [1500    3    8   40]
 [4000    5    1  100]
 [2500    4    4   60]]

Standardized Data:
 [[-0.69748583 -0.26726124  0.40824829 -0.74278135]
 [ 0.46499055  1.06904497 -0.81649658  0.64993368]
 [-1.27872403 -1.60356745  1.63299316 -1.2070197 ]
 [ 1.62746694  1.06904497 -1.22474487  1.57841037]
 [-0.11624764 -0.26726124  0.         -0.27854301]]

Covariance Matrix:
 [[ 1.25        1.1262327  -1.18644749  1.24123206]
 [ 1.1262327   1.25       -1.22747563  1.14767448]
 [-1.18644749 -1.22747563  1.25       -1.18452819]
 [ 1.24123206  1.14767448 -1.18452819  1.25      ]]

Eigenvalues:
 [4.80706203e+00 1.70405945e-01 9.57953792e-04 2.15740675e-02]

Eigenvectors:
 [[ 0.49974862  0.52542022  0.61631414 -0.30715109]
 [ 0.49414304 -0.64950971  0.37300964  0.44138826]
 [-0.50429737  0.32513705  0.45845389  0.65558378]
 [ 0.50175505  0.44312146 -0.5204236   0.53013632]]

Sorted Eigenvalues:
 [4.80706203e+00 1.70405945e-01 2.15740675e-02 9.57953792e-04]

Sorted Eigenvectors:
 [[ 0.49974862  0.52542022 -0.30715109  0.61631414]
 [ 0.49414304 -0.64950971  0.44138826  0.37300964]
 [-0.50429737  0.32513705  0.65558378  0.45845389]
 [ 0.50175505  0.44312146  0.53013632 -0.5204236 ]]

Principal Component Matrix:
 [[ 0.49974862]
 [ 0.49414304]
 [-0.50429737]
 [ 0.50175505]]

Reduced Dataset (After PCA):
 [[-1.0592057 ]
 [ 1.49850411]
 [-2.86057466]
 [ 2.75119649]
 [-0.32992024]]

Variance Percentage:
 [9.61412407e+01 3.40811890e+00 4.31481349e-01 1.91590758e-02]
